Afghanistan Albania Algeria Angola Antigua_and_Barbuda Argentina Armenia Australia Austria Azerbaijan Bahamas Bahrain Bangladesh Barbados Belarus Belgium Belize Benin Bhutan Bolivia Bosnia_and_Herzegovina Botswana Brazil Brunei Bulgaria Burkina_Faso Burundi Cambodia Cameroon Canada Cape_Verde Central_African_Republic Chad Chile China Colombia Comoros Congo,_Dem._Rep. Congo,_Rep. Costa_Rica Cote_d'Ivoire Croatia Cyprus Czechia Denmark Dominican_Republic Ecuador Egypt El_Salvador Equatorial_Guinea Eritrea Estonia Fiji Finland France Gabon Gambia Georgia Germany Ghana Greece Grenada Guatemala Guinea Guinea-Bissau Guyana Haiti Hungary Iceland India Indonesia Iran Iraq Ireland Israel Italy Jamaica Japan Jordan Kazakhstan Kenya Kiribati Kuwait kyrgyzstan Laos Latvia Lebanon Lesotho Liberia Libya Lithuania Luxembourg Macedonia,_FYR Madagascar Malawi Malaysia Maldives Mali Malta Mauritania Mauritius Micronesia,_Fed._Sts. Moldova Mongolia Montenegro Morocco Mozambique Myanmar Namibia Nepal Netherlands New_Zealand Niger Nigeria Norway Oman Pakistan Panama Paraguay Peru Philippines Poland Portugal Qatar Romania Russia Rwanda Samoa Saudi_Arabia Senegal Serbia Seychelles Sierra_Leone Singapore Slovakia Slovenia Solomon_Islands South_Africa South_Korea Spain Sri_Lanka Saint_Vincent_and_the_Grenadines Sudan Suriname Sweden Switzerland Tajikistan Tanzania Thailand Timor-Leste Togo Tonga Tunisia Turkey Turkmenistan Uganda Ukraine United_Arab_Emirates United_Kingdom United_States Uruguay Uzbekistan Vanuatu Venezuela Vietnam Yemen Zambia
16.6 28 6.55 48.6 9930 4.49 76.3 1.65 4090 88094 2877239 0.030617547
27.3 38.4 4.17 31.4 12900 16.1 76.5 2.89 4460 67151 43984569 0.001526695
119 62.3 2.85 42.9 5900 22.4 60.1 6.16 3530 123619 33032075 0.003742393
10.3 45.5 6.03 58.9 19100 1.44 76.8 2.13 12200 28738 98069 0.293038575
14.5 18.9 8.1 16 18700 20.9 75.8 2.37 10300 3284674 45267449 0.0725615
18.1 20.8 4.4 45.3 6700 7.77 73.3 1.69 3220 0 2964219 0
4.8 19.8 8.73 20.9 41400 1.16 82 1.93 51900 528026 25550683 0.020665827
4.3 51.3 11 47.8 43200 0.873 80.5 1.44 46900 1336156 9015361 0.148208818
39.2 54.3 5.88 20.7 16000 13.8 69.1 1.92 5840 597563 10154978 0.058844342
13.8 35 7.89 43.7 22900 -0.393 73.8 1.86 28000 6890 393893 0.01749206
8.6 69.5 4.97 50.9 41100 7.44 76 2.16 20700 515108 1711057 0.301046663
49.4 16 3.52 21.8 2440 7.14 70.4 2.33 758 5263541 164972348 0.031905595
14.2 39.5 7.97 48.7 15300 0.321 76.7 1.78 16000 65951 287437 0.229445061
5.5 51.4 5.61 64.5 16200 15.1 70.4 1.49 6030 46298 9448772 0.004899896
4.5 76.4 10.7 74.7 41100 1.88 80 1.86 44400 1504200 11598451 0.129689732
18.8 58.2 5.2 57.5 7880 1.14 71.4 2.71 4340 21585 398845 0.054118768
111 23.8 4.1 37.2 1820 0.885 61.8 5.36 758 0 12175480 0
42.7 42.5 5.2 70.7 6420 5.99 72.1 2.38 2180 433335 773069 0.560538581
46.6 41.2 4.84 34.3 5410 8.78 71.6 3.2 1980 270754 11700207 0.023140958
6.9 29.7 11.1 51.3 9720 1.4 76.8 1.31 4610 0 3277152 0
52.5 43.6 8.3 51.3 13300 8.92 57.1 2.88 6350 9708 2359585 0.004114283
19.8 10.7 9.01 11.8 14500 8.41 74.2 1.8 11200 16343017 212821986 0.076791958
10.5 67.4 2.84 28 80600 16.7 77.1 1.84 35300 0 438202 0
10.8 50.2 6.87 53 15300 1.11 73.9 1.57 6840 406259 6939018 0.058547045
116 19.2 6.74 29.6 1430 6.81 57.9 5.87 575 0 20997293 0
93.6 8.92 11.6 39.2 764 12.3 57.7 6.26 231 0 11948454 0
44.4 54.1 5.68 59.5 2520 3.12 66.1 2.88 786 595665 16758448 0.035544163
108 22.2 5.13 27 2660 1.91 57.3 5.11 1310 0 26655083 0
5.6 29.1 11.3 31 40700 2.87 81.3 1.63 47400 4223776 37799407 0.111741859
26.5 32.7 4.09 61.8 5830 0.505 72.5 2.67 3310 2184 557026 0.003920822
149 11.8 3.98 26.5 888 2.01 47.5 5.21 446 0 4843954 0
150 36.8 4.53 43.5 1930 6.39 56.5 6.59 897 0 16502877 0
8.7 37.7 7.96 31.3 19400 8.96 79.1 1.88 12900 9793437 19144605 0.511550748
15.7 26.3 5.07 22.6 9530 6.94 74.6 1.59 4560 83456603 1440297825 0.05794399
18.6 15.9 7.59 17.8 10900 3.86 76.4 2.01 6250 1880158 50976248 0.036883021
88.2 16.5 4.51 51.7 1410 3.87 65.9 4.75 769 0 872695 0
116 41.1 7.91 49.6 609 20.8 57.5 6.54 334 0 90003954 0
63.9 85.1 2.46 54.7 5190 20.7 60.4 4.95 2740 0 5540555 0
10.2 33.2 10.9 35 13000 6.57 80.4 1.92 8200 328207 5102158 0.064327095
111 50.6 5.3 43.3 2690 5.39 56.3 5.27 1220 35498 26486282 0.001340241
5.5 37.6 7.76 38.1 20100 0.821 76.3 1.55 13500 360772 4100719 0.087977742
3.6 50.2 5.97 57.5 33900 2.01 79.9 1.42 30800 124488 1208886 0.102977452
3.4 66 7.88 62.9 28300 -1.43 77.5 1.51 19800 1347173 10712481 0.125757329
4.1 50.5 11.4 43.6 44000 3.22 79.5 1.87 58000 833591 5795780 0.143827233
34.4 22.7 6.22 33.3 11100 5.44 74.6 2.6 5450 894565 10866667 0.08232193
25.1 27.9 8.06 32.4 9350 7.47 76.7 2.66 4660 238045 17688599 0.013457538
29.1 21.3 4.66 26.6 9860 10.1 70.5 3.19 2600 131640 102659126 0.001282302
19.2 26.9 6.91 46.6 7300 2.65 74.1 2.27 2990 79607 6491923 0.012262468
111 85.8 4.48 58.9 33700 24.9 60.9 5.21 17100 6540 1410419 0.00463692
55.2 4.79 2.66 23.3 1420 11.6 61.7 4.61 482 0 3554797 0
4.5 75.1 6.03 68.7 22700 1.74 76 1.72 14600 219588 1326693 0.165515308
24.1 57.8 4.86 63.9 7350 4.23 65.3 2.67 3650 0 897573 0
3 38.7 8.95 37.4 39800 0.351 80 1.87 46200 787534 5542237 0.142096774
4.2 26.8 11.9 28.1 36900 1.05 81.4 2.03 40600 9215186 65298930 0.141123078
63.7 57.7 3.5 18.9 15400 16.6 62.9 4.08 8750 297 2234448 0.000132919
80.3 23.8 5.69 42.7 1660 4.3 65.5 5.71 562 6640 2427782 0.002735007
16.5 35 10.1 52.8 6730 8.55 72.8 1.92 2960 6056 3987805 0.00151863
4.2 42.3 11.6 37.1 40400 0.758 80.1 1.39 41800 10876950 83830972 0.129748585
74.7 29.5 5.22 45.9 3060 16.6 62.2 4.27 1310 615002 31181428 0.019723343
3.9 22.1 10.3 30.7 28700 0.673 80.4 1.48 26900 1386175 10413936 0.133107693
14.6 23.8 5.86 49.2 11200 0.48 71.3 2.24 7370 9509 112614 0.08443888
35.4 25.8 6.85 36.3 6710 5.14 71.3 3.38 2830 100042 17971382 0.005566739
109 30.3 4.93 43.2 1190 16.1 58 5.34 648 29600 13191279 0.002243907
114 14.9 8.5 35.2 1390 2.97 55.6 5.05 547 0 1975718 0
37.6 51.4 5.38 79.1 5840 5.73 65.5 2.65 3040 28916 787215 0.036732024
208 15.3 6.91 64.7 1500 5.45 32.1 3.33 662 0 11426356 0
6 81.8 7.33 76.5 22300 2.33 74.5 1.25 13100 2411507 9655983 0.249742258
2.6 53.4 9.4 43.3 38800 5.47 82 2.2 41900 49320 341628 0.144367558
58.8 22.6 4.05 27.1 4410 8.98 66.2 2.6 1350 57622790 1382345085 0.041684808
33.3 24.3 2.61 22.4 8430 15.3 69.9 2.48 3110 10420360 274021604 0.038027513
19.3 24.4 5.6 19.4 17400 15.9 74.5 1.76 6530 118774 84176929 0.001411004
36.9 39.4 8.41 34.1 12700 16.6 67.2 4.56 4500 32976 40372771 0.000816788
4.2 103 9.19 86.5 45700 -3.22 80.4 2.05 48700 639105 4947267 0.129183446
4.6 35 7.63 32.9 29600 1.77 81.4 3.03 30600 5418038 8678517 0.62430459
4 25.2 9.53 27.2 36200 0.319 81.7 1.46 35800 7779721 60446035 0.128705233
18.1 31.3 4.81 49.6 8000 9.81 74.7 2.17 4680 44065 2963429 0.014869599
3.2 15 9.49 13.6 35800 -1.9 82.8 1.39 44500 884705 126407422 0.006998837
21.1 48.3 8.04 69 9470 8.43 75.8 3.66 3680 343200 10220604 0.033579229
21.5 44.2 4.29 29.9 20100 19.5 68.4 2.6 9070 95075 18815231 0.005053087
62.2 20.7 4.75 33.6 2480 2.09 62.8 4.37 967 121081 53968739 0.00224354
62.7 13.3 11.3 79.9 1730 1.52 60.7 3.84 1490 0 119760 0
10.8 66.7 2.63 30.4 75200 11.2 78.2 2.21 38500 520049 4281320 0.121469313
29.6 51.6 6.18 81.7 2790 10 68.5 3.1 880 255 6542426 0
78.9 35.4 4.47 49.3 3980 9.2 63.8 3.15 1140 0 7293542 0
7.8 53.7 6.68 55.1 18300 -0.812 73.1 1.36 11300 107405 1882408 0.057057237
10.3 35.8 7.03 60.2 16300 0.238 79.8 1.61 8860 194021 6819976 0.028448927
99.7 39.4 11.1 101 2380 4.15 46.5 3.3 1170 0 2145194 0
89.3 19.1 11.8 92.6 700 5.47 60.8 5.02 327 0 5077411 0
16.6 65.6 3.88 42.1 29600 14.2 76.1 2.41 12100 0 6887247 0
6.1 65.3 7.04 67.2 21100 2.38 73.2 1.5 12000 399755 2715340 0.147220974
2.8 175 7.77 142 91700 3.62 81.3 1.63 105000 78273 627704 0.12469731
10.4 39.8 7.09 58.1 11400 2.04 74 1.47 4540 0 2083359 0
62.2 25 3.77 43 1390 8.79 60.8 4.6 413 0 27808395 0
90.5 22.8 6.59 34.9 1030 12.1 53.1 5.31 459 116365 19211425 0.006057073
7.9 86.9 4.39 71 21100 7.27 74.5 2.15 9070 606079 32436963 0.018684826
13.2 77.6 6.33 65.4 10500 2.88 77.9 2.23 7100 234731 542151 0.432962403
137 22.8 4.98 35.1 1870 4.37 59.5 6.55 708 214 20346106 0
6.8 153 8.65 154 28300 3.83 80.3 1.36 21100 156887 441750 0.35514884
97.4 50.7 4.41 61.2 3320 18.9 68.2 4.98 1200 1140 4669775 0.000244123
15 51.2 6 62.2 15900 1.13 73.4 1.57 8000 3071 1272140 0.002414042
40 23.5 14.2 81 3340 3.8 65.4 3.46 2860 0 115231 0
17.2 39.2 11.7 78.5 3910 11.1 69.7 1.27 1630 32552 4032294 0.008072824
26.1 46.7 5.44 56.7 7710 39.2 66.2 2.64 2650 282781 3287242 0.086023785
6.8 37 9.11 62.7 14000 1.6 76.4 1.77 6680 18624 628080 0.029652274
33.5 32.2 5.2 43 6440 0.976 73.5 2.58 2830 7699346 36985624 0.208171315
101 31.5 5.21 46.2 918 7.64 54.5 5.56 419 77267 31398811 0.002460826
64.4 0.109 1.97 0.0659 3720 7.04 66.8 2.41 988 197238 54473253 0.003620823
56 47.8 6.78 60.7 8460 3.56 58.6 3.6 5190 895 2548663 0.000351165
47 9.58 5.25 36.4 1990 15.1 68.3 2.61 592 1429202 29225196 0.048903077
4.5 72 11.9 63.6 45500 0.848 80.7 1.79 50300 2144500 17141544 0.125105416
6.2 30.3 10.1 28 32300 3.73 80.9 2.17 33700 57272 4829021 0.011859961
123 22.2 5.16 49.1 814 2.55 58.8 7.49 348 0 24346468 0
130 25.3 5.07 17.4 5150 104 60.5 5.84 2330 523708 206984347 0.002530182
3.2 39.7 9.48 28.5 62300 5.95 81 1.95 87800 794197 5428594 0.146298839
11.7 65.7 2.77 41.2 45300 15.6 76.1 2.9 19300 102498 5128058 0.019987683
92.1 13.5 2.2 19.4 4280 10.9 65.3 3.85 1040 730809 221612785 0.003297684
19.7 70 8.1 78.2 15400 2.59 77.8 2.62 8080 345472 4326296 0.079853991
24.1 55.1 5.87 51.5 7290 6.1 74.1 2.73 3230 39467 7147553 0.00552175
20.3 27.8 5.08 23.8 9960 5.71 77.9 2.54 5020 959027 33050211 0.029017273
31.9 34.8 3.61 36.6 5600 4.22 69 3.16 2130 678892 109830324 0.00618128
6 40.1 7.46 42.1 21800 1.66 76.3 1.41 12600 4871170 37839255 0.128733243
3.9 29.9 11 37.4 27200 0.643 79.8 1.39 22500 1343079 10191409 0.131785409
9 62.3 1.81 23.8 125000 6.98 79.5 2.07 70300 692496 2889284 0.239677373
11.5 32.6 5.58 38.8 17800 3.53 73.7 1.59 8230 2313755 19214608 0.120416456
10 29.2 5.08 21.1 23100 14.2 69.2 1.57 10700 8121596 145945524 0.055648133
63.6 12 10.5 30 1350 2.61 64.6 4.51 563 352102 13005303 0.027073725
18.9 29.2 6.47 53.1 5400 1.72 71.5 4.34 3450 0 198643 0.015242969
15.7 49.6 4.29 33 45400 17.2 75.1 2.96 19300 3725164 34905942 0
66.8 24.9 5.66 40.3 2180 1.85 64 5.06 1000 243033 16816539 0.106720054
7.6 32.9 10.4 47.9 12700 5.88 74.7 1.4 5410 1963614 8731081 0.014452022
14.4 93.8 3.4 108 20400 -4.21 73.4 2.17 10800 71545 98453 0.224899299
160 16.8 13.1 34.5 1220 17.2 55 5.2 399 23110 8004158 0.726691924
2.8 200 3.96 174 72100 -0.046 82.7 1.15 46600 1162497 5858322 0.002887249
7 76.3 8.79 77.8 25200 0.485 75.5 1.43 16600 796229 5460109 0.198435149
3.2 64.3 9.41 62.9 28700 -0.987 79.5 1.57 23400 271999 2078989 0.145826576
28.1 49.3 8.55 81.2 1780 6.81 61.7 4.24 1290 2000 689671 0.130832342
53.7 28.6 8.94 27.4 12000 6.35 54.3 2.59 7280 244653 59436725 0.002899933
4.1 49.4 6.93 46.2 30400 3.16 80.1 1.23 22100 862434 51276977 0.004116192
3.8 25.5 9.54 26.8 32500 0.16 81.9 1.37 30700 5954130 46757980 0.016819127
11.2 19.6 2.94 26.8 8560 22.8 74.4 2.2 2810 895763 21428970 0.127339333
20.7 26.9 4.47 57.1 9920 4.44 71.6 2.07 6230 1692 111002 0.041801496
76.7 19.7 6.32 17.2 3370 19.6 66.3 4.88 1480 34839 44019263 0.000791449
24.1 52.5 7.01 38.4 14200 7.2 70.3 2.52 8300 23703 587541 0.040342717
3 46.2 9.63 40.7 42900 0.991 81.5 1.98 52100 1308103 10110233 0.129384061
4.5 64 11.5 53.3 55500 0.317 82.2 1.52 74600 1170841 8665615 0.135113434
52.4 14.9 5.98 58.6 2110 12.5 69.6 3.51 738 0 9573310 0
71.9 18.7 6.01 29.1 2090 9.25 59.3 5.43 702 0 60012400 0
14.9 66.5 3.88 60.8 13500 4.08 76.6 1.55 5080 158883 69830779 0.002275257
62.6 2.2 9.12 27.8 1850 26.5 71.1 6.23 3600 0 1322667 0
90.3 40.2 7.65 57.3 1210 1.18 58.7 4.87 488 42090 8310934 0.005064413
17.4 12.4 5.07 60.3 4980 3.68 69.9 3.91 3550 0 105901 0
17.4 50.5 6.21 55.3 10400 3.82 76.9 2.14 4140 50721 11839918 0.004283898
19.1 20.4 6.74 25.5 18000 7.01 78.2 2.15 10700 13207021 84495243 0.156304906
62 76.3 2.5 44.5 9940 2.31 67.9 2.83 4440 0 6046292 0
81 17.1 9.01 28.6 1540 10.6 56.8 6.15 595 71316 45974931 0.001551193
11.7 47.1 7.72 51.1 7820 13.4 70.4 1.44 2970 213962 43686577 0.00489766
8.6 77.7 3.66 63.6 57600 12.5 76.5 1.87 35000 5128235 9910892 0.517434253
5.2 28.2 9.64 30.8 36200 1.57 80.3 1.92 38900 25568012 67948282 0.376286364
7.3 12.4 17.9 15.8 49400 1.22 78.7 1.93 48400 115944922 331341050 0.349926223
10.6 26.3 8.35 25.4 17100 4.91 76.4 2.08 11900 577787 3475842 0.166229363
36.3 31.7 5.81 28.5 4240 16.5 68.8 2.34 1380 0 33551824 0
29.2 46.6 5.25 52.7 2950 2.62 63 3.5 2970 0 308337 0
17.1 28.5 4.91 17.6 16500 45.9 75.4 2.47 13500 39973 28421581 0.001406431
23.3 72 6.84 80.2 4490 12.1 73.1 1.95 1310 47124 97490013 0.000483373
56.3 30 5.18 34.4 4480 23.6 67.5 4.67 1310 0 29935468 0
83.1 37 5.89 30.9 3280 14 52 5.4 1460 0 18468257 0
